mean: [0.14274016 0.3029117  0.20267214]
std: [0.16290817 0.27132016 0.18850067]