mean: [0.18482842 0.38475832 0.2586024 ]
std: [0.15605181 0.24828894 0.17223187]